mas
sub1
sub2
sub3

device_serial
000304704512
000005294012
000126500112
000354204512

intrinsic
[[605.78283691   0.         642.86419678]
 [  0.         605.56640625 366.59356689]
 [  0.           0.           1.        ]]
[[611.53552246   0.         638.94891357]
 [  0.         611.24145508 366.43997192]
 [  0.           0.           1.        ]]
[[611.67059326   0.         641.44818115]
 [  0.         611.59283447 365.61376953]
 [  0.           0.           1.        ]]
[[609.08862305   0.         636.0970459 ]
 [  0.         608.86846924 370.13580322]
 [  0.           0.           1.        ]]